1698235190.901452
1698235197.088057
1698235206.647021
1698235219.3387964
1698235235.8875003
1698235259.865338
1698235287.3153267
1698235317.1635048
1698235350.8197103
1698235389.3362436
1698235445.4838738
1698235508.4726114
1698235576.7212856
1698235651.8433955
1698235737.3023992
1698235829.4362292
1698235926.7417524
1698236031.5856543
1698236145.2954323
1698236266.7280507
1698236353.5836165
1698236430.5918658
1698236510.8511121
1698236594.7893689
1698236682.3618693
1698236774.6305048
1698236872.4896924
1698236971.9522367
1698237075.2766922
1698237182.5482025
1698237293.8348007
1698237409.427684
1698237529.7247534
1698237654.4066262
1698237783.4158332
1698237917.191736
1698238054.5072794
1698238196.7792022
1698238343.4159858
1698238493.7188892
1698238649.176443
1698238809.5837471
1698238974.1282575
1698239142.8431356
1698239316.2245646
1698239493.552923
1698239676.5654807
1698239863.9628608
1698240056.1264462
1698240253.7575338
1698240455.6553402
1698240663.578005
1698240876.905973
1698241094.3557189
1698241315.0934505
1698241542.0244281
1698241774.1822655
1698242013.1233647
1698242257.566585
1698242507.3554504
1698242762.8393142
1698243023.6606865
1698243291.5500503
1698243560.8672738
1698243835.4763987
1698244116.3594635
1698244403.3961086
1698244696.3660955
1698244996.391926
1698245301.2851753
1698245609.349816
1698245926.1828828
1698246248.8816996
1698246592.9722927
1698246928.8206944
1698247264.4410744
1698247605.537375
1698247952.2387016
1698248304.7615645
1698248648.8293877
1698248992.9760704
1698249340.9370048
1698249707.5400615
1698250067.32673
1698250432.5894337
1698250803.1172965
1698251180.654112
1698251563.7025504
1698251953.8290186
1698252349.0987735
1698252754.379933
1698253163.4217846
1698253578.6737757
1698254000.49574
1698254426.9549763
1698254858.4286458
1698255296.064116
1698255740.8875551
1698256192.6354299
1698256652.1109145
