3.2120118141174316
6.186604976654053
9.558964014053345
12.69177532196045
16.548703908920288
23.977837800979614
27.44998860359192
29.848178148269653
33.65620541572571
38.51653337478638
56.14763021469116
62.9887375831604
68.24867415428162
75.12210988998413
85.45900368690491
92.1338300704956
97.30552315711975
104.84390187263489
113.70977807044983
121.4326183795929
86.8555657863617
77.00824928283691
80.25924634933472
83.93825674057007
87.57250046730042
92.26863551139832
97.85918760299683
99.46254420280457
103.32445549964905
107.27151036262512
111.2865982055664
115.59288334846497
120.29706931114197
124.68187284469604
129.00920701026917
133.7759027481079
137.31554341316223
142.27192282676697
146.63678359985352
150.30290341377258
155.4575538635254
160.4073040485382
164.54451036453247
168.7148780822754
173.38142895698547
177.32835841178894
183.01255774497986
187.39738011360168
192.16358542442322
197.6310875415802
201.89780640602112
207.92266488075256
213.32796788215637
217.4497458934784
220.73773169517517
226.93097758293152
232.15783739089966
238.94109916687012
244.44322037696838
249.78886532783508
255.4838638305664
260.8213722705841
267.88936376571655
269.31722354888916
274.6091248989105
280.8830647468567
287.0366451740265
292.9699869155884
300.02583050727844
304.89324927330017
308.06464076042175
316.83306670188904
322.69881677627563
344.0905930995941
335.84840178489685
335.62037992477417
341.09630060195923
346.70132660865784
352.52286291122437
344.0678231716156
344.1466827392578
347.9609344005585
366.60305666923523
359.78666853904724
365.26270365715027
370.5278627872467
377.53681564331055
383.04843831062317
390.1264681816101
395.2697548866272
405.2811596393585
409.04185152053833
415.2519910335541
421.821964263916
426.4592363834381
431.4736695289612
437.63547015190125
444.82343912124634
451.7478747367859
459.4754846096039
