0.43
0.41
0.45666666666666667
0.4725
0.478
0.505
0.5242857142857142
0.525
0.52
0.544
0.5436363636363636
0.5575
0.5676923076923077
0.5535714285714286
0.568
0.565
0.5658823529411765
0.5705555555555556
0.5684210526315789
0.562
0.5619047619047619
0.5636363636363636
0.5695652173913044
0.5679166666666666
0.5712
0.5657692307692308
0.572962962962963
0.5671428571428572
0.5675862068965517
0.5726666666666667
0.5764516129032258
0.5746875
0.5742424242424242
0.5747058823529412
0.5794285714285714
0.5738888888888889
0.5813513513513513
0.5839473684210527
0.583076923076923
0.58475
0.5875609756097561
0.5866666666666667
0.5904651162790697
0.5881818181818181
0.5964444444444444
0.5958695652173913
0.5976595744680852
0.5977083333333333
0.5961224489795919
0.596
0.5970588235294118
0.5980769230769231
0.5983018867924528
0.5996296296296296
0.5932727272727273
0.6001785714285715
0.596140350877193
0.5975862068965517
0.5966101694915255
0.596
0.6008196721311475
0.5996774193548388
0.6033333333333334
0.60375
0.6046153846153847
0.6037878787878788
0.6050746268656716
0.6010294117647059
0.601304347826087
0.6007142857142858
0.6028169014084507
0.6045833333333334
0.6032876712328767
0.6078378378378378
0.6021333333333333
0.6081578947368421
0.6048051948051948
0.6076923076923076
0.609240506329114
0.611375
0.6087654320987654
0.6109756097560975
0.6081927710843373
0.6073809523809524
0.608
0.6058139534883721
0.6058620689655172
0.6075
0.6080898876404495
0.6063333333333333
0.609010989010989
0.6102173913043478
0.609247311827957
0.6102127659574468
0.6117894736842105
0.6110416666666667
0.6135051546391752
0.611938775510204
0.616969696969697
0.6133
