0.33
0.335
0.38
0.39
0.38
0.4066666666666667
0.4014285714285714
0.4175
0.42333333333333334
0.447
0.45454545454545453
0.45166666666666666
0.4576923076923077
0.4542857142857143
0.4553333333333333
0.46625
0.4682352941176471
0.4683333333333333
0.4747368421052632
0.4805
0.4828571428571429
0.48045454545454547
0.4821739130434783
0.4875
0.4856
0.48615384615384616
0.4874074074074074
0.48964285714285716
0.49137931034482757
0.49433333333333335
0.48935483870967744
0.4928125
0.49666666666666665
0.49676470588235294
0.494
0.4975
0.49945945945945946
0.5013157894736842
0.4969230769230769
0.497
0.4973170731707317
0.49523809523809526
0.4958139534883721
0.49886363636363634
0.5035555555555555
0.5004347826086957
0.5040425531914894
0.5045833333333334
0.5061224489795918
0.5054
0.5050980392156863
0.5078846153846154
0.5103773584905661
0.5090740740740741
0.5116363636363637
0.5103571428571428
0.5126315789473684
0.5155172413793103
0.5169491525423728
0.5131666666666667
0.5155737704918033
0.5156451612903226
0.5155555555555555
0.51453125
0.5169230769230769
0.5165151515151515
0.5183582089552239
0.5198529411764706
0.5204347826086957
0.5215714285714286
0.5219718309859155
0.5218055555555555
0.5260273972602739
0.5227027027027027
0.5229333333333334
0.5236842105263158
0.5244155844155844
0.5248717948717949
0.5254430379746835
0.5265
0.5255555555555556
0.5241463414634147
0.5234939759036145
0.5235714285714286
0.5247058823529411
0.5240697674418605
0.5240229885057471
0.5271590909090909
0.5243820224719101
0.5271111111111111
0.5254945054945055
0.5279347826086956
0.5277419354838709
0.5267021276595745
0.5286315789473685
0.5301041666666667
0.5310309278350516
0.5303061224489796
0.5301010101010101
0.5297
