0.3288114070892334
0.5199172496795654
0.6725022792816162
0.9182755947113037
1.1587677001953125
1.4511184692382812
1.7703611850738525
2.153839588165283
2.5729053020477295
3.0120346546173096
3.374190330505371
3.8023462295532227
4.274405241012573
4.912845611572266
5.642310857772827
6.422022581100464
6.956686019897461
7.401871204376221
8.18514108657837
8.782033443450928
9.714076042175293
10.64361310005188
11.507535696029663
12.151535272598267
13.375602006912231
14.435017347335815
15.709579229354858
16.701696395874023
17.630847930908203
19.060574769973755
20.797072887420654
20.941550731658936
22.993743658065796
25.10154628753662
25.198169708251953
26.513603925704956
28.645348072052002
29.869686126708984
31.6189866065979
35.00346517562866
34.60541296005249
36.78053593635559
38.33024859428406
40.410735845565796
41.94269871711731
43.18191981315613
46.23398733139038
46.346057653427124
47.989197969436646
51.939003229141235
54.026182651519775
57.70972442626953
56.935287952423096
59.78539299964905
65.80048751831055
62.845163345336914
69.16647505760193
68.14469599723816
71.9514274597168
74.58831024169922
76.30590200424194
79.8532063961029
81.52759885787964
85.99591422080994
91.93043684959412
92.24529194831848
95.6624584197998
98.63806796073914
100.42419075965881
108.16730380058289
107.43805503845215
111.28728413581848
115.24078297615051
110.80518460273743
110.41257286071777
113.17939376831055
117.43679857254028
118.72106528282166
123.0239839553833
125.59981322288513
129.4768054485321
133.85169410705566
137.41858386993408
139.90516018867493
144.50928711891174
147.65581059455872
152.96057057380676
156.02312874794006
159.25652384757996
163.78335428237915
167.45640921592712
171.75354552268982
177.08856463432312
181.7399411201477
195.0998842716217
190.59631824493408
277.07680225372314
238.46365070343018
263.9794976711273
412.8687334060669
