1698295234.8693857
1698295235.389303
1698295236.0618052
1698295236.9800808
1698295238.1388485
1698295239.589967
1698295241.3603282
1698295243.5141678
1698295246.087073
1698295249.0991077
1698295252.473298
1698295256.2756443
1698295260.5500495
1698295265.4628952
1698295271.105206
1698295277.5272286
1698295284.4839146
1698295291.8857858
1698295300.070927
1698295308.8529603
1698295318.5670364
1698295329.2106495
1698295340.7181852
1698295352.8697205
1698295366.2453225
1698295380.6803398
1698295396.389919
1698295413.0916154
1698295430.7224634
1698295449.7830381
1698295470.580111
1698295491.5216618
1698295514.5154054
1698295539.6169517
1698295564.8151214
1698295591.3287253
1698295619.9740734
1698295649.8437595
1698295681.4627461
1698295716.4662113
1698295751.0716243
1698295787.8521602
1698295826.1824088
1698295866.5931447
1698295908.5358434
1698295951.7177632
1698295997.9517505
1698296044.2978082
1698296092.2870061
1698296144.2260094
1698296198.252192
1698296255.9619164
1698296312.8972044
1698296372.6825974
1698296438.483085
1698296501.3282483
1698296570.4947233
1698296638.6394193
1698296710.5908468
1698296785.179157
1698296861.485059
1698296941.3382654
1698297022.8658643
1698297108.8617785
1698297200.7922153
1698297293.0375073
1698297388.6999657
1698297487.3380337
1698297587.7622244
1698297695.9295282
1698297803.3675833
1698297914.6548674
1698298029.8956504
1698298140.700835
1698298251.1134079
1698298364.2928016
1698298481.7296002
1698298600.4506655
1698298723.4746494
1698298849.0744627
1698298978.551268
1698299112.4029622
1698299249.821546
1698299389.7267063
1698299534.2359934
1698299681.891804
1698299834.8523746
1698299990.8755033
1698300150.1320271
1698300313.9153814
1698300481.3717906
1698300653.1253362
1698300830.2139008
1698301011.953842
1698301207.0537262
1698301397.6500444
1698301674.7268467
1698301913.1904974
1698302177.169995
1698302590.0387285
